41600
31200
20800
20800
142
106
71
71
19
14
9
9
7
5
3
3
0
0
0
0
0
0
0
0
0
0
0
0
0
0
0
0
0
0
0
0
0
0
0
0
0
0
0
0
0
0
0
0
0
0
0
0
0
0
0
0
0
0
0
0
0
0
0
0
0
0
0
0
0
0
0
0
0
0
0
0
0
0
0
0
-3
-9
-71
-9999
-9999
-9999
-9999
-9999
-9999
-9999
-9999
-9999
-9999
-9999
-9999
-9999
-9999
-9999
-9999
-9999
-9999
-9999
-9999
-9999
-9999
-9999
-9999
-9999
-9999
-9999
-9999
-9999
-9999
-9999
-9999
-9999
-9999
-9999
-9999
-9999
-9999
-9999
-9999
-9999
-9999
-9999
-9999
-9999
-9999
-9999
-9999
-9999
-9999
-9999
-9999
-9999
-9999
-9999
-9999
-9999
-9999
-9999
-9999
-9999
-9999
-9999
-9999
-9999
-9999
-9999
-9999
-9999
-9999
-9999
-9999
-9999
-9999
-9999
-9999
-9999
-9999
-9999
-9999
-9999
-9999
-9999
-9999
-9999
67900
67900
67600
36400
602
602
254
254
231
213
130
130
65
62
62
36
36
32
30
30
21
15
15
12
10
10
8
4
4
4
4
3
3
2
1
1
0
0
0
0
0
0
0
0
0
0
0
0
0
0
0
0
0
0
0
0
0
-1
-1
-2
-2
-2
-2
-2
-2
-2
-2
-3
-4
-5
-5
-9
-9
-10
-13
-17
-17
-20
-20
-31
-32
-35
-35
-74
-74
-98
-106
-145
-145
-320
-344
-344
-9999
-9999
-9999
-9999
-9999
-9999
-9999
-9999
-9999
-9999
-9999
-9999
-9999
-9999
-9999
-9999
-9999
-9999
-9999
-9999
-9999
-9999
-9999
-9999
-9999
-9999
-9999
-9999
-9999
-9999
-9999
-9999
-9999
-9999
-9999
-9999
-9999
-9999
-9999
-9999
-9999
-9999
-9999
-9999
-9999
-9999
-9999
-9999
-9999
-9999
-9999
-9999
-9999
-9999
-9999
-9999
-9999
-9999
-9999
-9999
-9999
-9999
-9999
-9999
-9999
-9999
-9999
-9999
-9999
-9999
-9999
-9999
-9999
-9999
-9999
-9999
31200
20800
20800
20800
20800
106
71
71
71
71
14
9
9
9
9
5
3
3
3
3
0
0
0
0
0
0
0
0
0
0
-9999
-9999
-9999
-9999
-9999
-9999
-9999
-9999
-9999
-9999
-9999
-9999
-9999
-9999
-9999
-9999
-9999
-9999
-9999
-9999
-9999
-9999
-9999
-9999
-9999
49800
49800
41600
10400
320
320
142
98
98
35
31
31
19
13
13
7
4
3
3
1
0
0
0
0
0
0
0
0
0
0
0
0
-1
-4
-35
-9999
-9999
-9999
-9999
-9999
-9999
-9999
-9999
-9999
-9999
-9999
-9999
-9999
-9999
-9999
-9999
-9999
-9999
-9999
-9999
-9999
-9999
-9999
-9999
-9999
31200
31200
31200
20800
10400
106
106
106
71
35
14
14
14
9
5
5
5
4
3
1
0
0
0
0
0
0
0
0
0
0
-9999
-9999
-9999
-9999
-9999
-9999
-9999
-9999
-9999
-9999
-9999
-9999
-9999
-9999
-9999
-9999
-9999
-9999
-9999
-9999
-9999
-9999
-9999
-9999
-9999
57000
57000
49800
49800
10400
433
433
320
320
164
164
98
98
71
71
38
38
35
31
31
19
19
13
13
4
3
3
1
0
0
0
0
0
0
0
0
-9999
-9999
-9999
-9999
-9999
-9999
-9999
-9999
-9999
-9999
-9999
-9999
-9999
-9999
-9999
-9999
-9999
-9999
-9999
-9999
-9999
-9999
-9999
-9999
