1 36 -1 
6 4 2 0 -1 
1 4 3 -1 
2 7 8 37 -1 
1 2 7 5 6 -1 
6 7 4 -1 
1 4 5 20 -1 
3 8 4 5 -1 
3 7 9 -1 
8 11 10 -1 
11 9 12 -1 
9 10 12 13 -1 
10 11 -1 
11 14 15 16 19 -1 
24 13 15 26 -1 
26 14 13 16 17 18 -1 
13 15 17 -1 
16 15 18 -1 
17 15 -1 
13 23 24 21 -1 
6 21 22 -1 
20 22 23 19 -1 
21 20 23 25 -1 
25 24 19 21 22 -1 
23 19 26 14 25 -1 
22 23 24 26 27 28 -1 
24 25 27 14 15 31 -1 
28 30 31 26 25 -1 
27 25 29 30 -1 
28 35 34 30 -1 
31 27 28 29 33 32 -1 
26 27 30 32 -1 
30 31 38 -1 
34 30 37 36 -1 
35 29 36 33 -1 
36 34 29 -1 
34 35 37 0 -1 
36 33 3 -1 
32 39 40 -1 
40 41 38 -1 
41 38 39 -1 
40 39 -1 
-2 