2 37 0
7 5 3 1 0
2 5 4 0
3 8 9 38 0
2 3 8 6 7 0
7 8 5 0
2 5 6 21 0
4 9 5 6 0
4 8 10 0
9 12 11 0
12 10 13 0
10 11 13 14 0
11 12 0
12 15 16 17 20 0 
25 14 16 27 0
27 15 14 17 18 19 0
14 16 18 0
17 16 19 0
18 16 0
14 24 25 22 0
7 22 23 0
21 23 24 20 0
22 21 24 26 0
26 25 20 22 23 0
24 20  27 15 26 0
23 24 25 27 28 29 0
25 26 28 15 16 32 0
29 31 32 27 26 0
28 26 30 31 0
29 36 35 31 0
32 28 29 30 34 33 0
27 28 31 33 0
31 32 39 0
35 31 38 37 0
36 30 37 34 0
37 35 30 0
35 36 38 1 0
37 34 4 0
33 40 41 0
41 42 39 0
42 39 40 0
41 40 0